X ; Y 
0.005918231386677242;   0.15128939828080235
0.04655028556274954;   0.15128939828080235
0.06684690861345222;   0.15472779369627498
0.10747896278952429;   0.15472779369627498
0.13454759486957246;   0.15816618911174762
0.1683882359789659;   0.16160458452722049
0.19545686805901408;   0.16504297994269312
0.22252550013906247;   0.1684813753581662
0.25634673721112233;   0.1753581661891115
0.2901679742831824;   0.1822349570200572
0.3172366063632306;   0.18567335243553007
0.33753322941393327;   0.1891117478510027
0.3578104484273028;   0.1959885386819482
0.3848596764700174;   0.20286532951289393
0.41866150950474434;   0.2131805157593123
0.46600736059816183;   0.22349570200573043
0.5065812026622338;   0.23381088825214902
0.5403830356969608;   0.24412607449856716
0.5741848687316873;   0.2544412607449855
0.6147393067584264;   0.26819484240687674
0.6552743407478316;   0.2853868194842406
0.7093727968332613;   0.2991404011461316
0.7363832168013089;   0.31289398280802283
0.783709663857393;   0.32664756446991405
0.8242446978467988;   0.3438395415472779
0.8647991358735374;   0.3575931232091689
0.8985621608335972;   0.3747851002865328
0.9458886078896818;   0.388538681948424
0.9931956509084321;   0.40573065902578787
1.0337306848978374;   0.42292263610315173
1.0810377279165886;   0.4401146131805156
1.1215921659433272;   0.4538681948424068
1.1689186129994118;   0.4676217765042978
1.2094536469888166;   0.4848137535816617
1.263532699036913;   0.5020057306590258
1.3040677330263182;   0.5191977077363896
1.3513747760450694;   0.5363896848137535
1.3986818190638197;   0.5535816618911173
1.4595522841785948;   0.5673352435530084
1.4933541172133213;   0.5776504297994269
1.554205178290763;   0.5948424068767908
1.6150174312935377;   0.6189111747850999
1.6893737023550033;   0.6429799426934095
1.743452754403099;   0.6601719197707734
1.7907597974218503;   0.6773638968481372
1.8516108584992916;   0.6945558739255011
1.9124619195767334;   0.711747851002865
1.9732935766168413;   0.7323782234957017
2.034144637694283;   0.7495702005730658
2.1017483037637366;   0.7702005730659023
2.176104574825202;   0.7942693409742116
2.2437276449319885;   0.8114613180515757
2.324875329060133;   0.8320916905444122
2.3857263901375747;   0.8492836676217761
2.446558047177683;   0.8699140401146128
2.514161713247136;   0.8905444126074495
2.575032178361911;   0.9042979942693405
2.6494078534607097;   0.9249283667621774
2.7034675014714726;   0.9455587392550141
2.7711099756155932;   0.9593123209169051
2.8387136416850463;   0.9799426934097418
2.9130699127465127;   1.0040114613180513
2.9874261838079774;   1.0280802292263607
